1.112000 0.009158
1.113000 0.014239
1.114000 0.019330
1.115000 0.024429
1.116000 0.029538
1.117000 0.034656
1.118000 0.039783
1.119000 0.044919
3.145000 0.046495
1.120000 0.050065
1.121000 0.055219
1.122000 0.060383
1.123000 0.065555
1.124000 0.070737
3.144000 0.074296
1.125000 0.075928
1.126000 0.081128
1.127000 0.086336
1.128000 0.091554
1.129000 0.096781
1.130000 0.102017
3.143000 0.102039
1.131000 0.107262
1.132000 0.112516
1.133000 0.117779
1.134000 0.123051
1.135000 0.128332
3.142000 0.129724
1.136000 0.133622
1.137000 0.138921
1.138000 0.144229
1.139000 0.149546
1.140000 0.154872
3.141000 0.157351
1.141000 0.160207
1.142000 0.165550
1.143000 0.170903
1.144000 0.176264
1.145000 0.181634
3.140000 0.184920
1.146000 0.187013
1.147000 0.192402
1.148000 0.197798
1.149000 0.203204
1.150000 0.208619
3.139000 0.212431
1.151000 0.214042
1.152000 0.219474
1.153000 0.224915
1.154000 0.230365
1.155000 0.235824
3.138000 0.239885
1.156000 0.241291
1.157000 0.246768
1.158000 0.252252
1.159000 0.257746
1.160000 0.263249
3.137000 0.267281
1.161000 0.268760
1.162000 0.274280
1.163000 0.279808
1.164000 0.285346
1.165000 0.290892
3.136000 0.294619
1.166000 0.296446
1.167000 0.302010
1.168000 0.307582
1.169000 0.313162
1.170000 0.318752
3.135000 0.321899
1.171000 0.324350
1.172000 0.329956
1.173000 0.335572
1.174000 0.341195
1.175000 0.346828
3.134000 0.349123
1.176000 0.352469
1.177000 0.358118
1.178000 0.363776
1.179000 0.369443
1.180000 0.375118
3.133000 0.376288
1.181000 0.380802
1.182000 0.386494
1.183000 0.392195
1.184000 0.397904
3.132000 0.403397
1.185000 0.403622
1.186000 0.409348
1.187000 0.415083
1.188000 0.420826
1.189000 0.426578
3.131000 0.430448
1.190000 0.432338
1.191000 0.438106
1.192000 0.443883
1.193000 0.449668
1.194000 0.455462
3.130000 0.457441
1.195000 0.461264
1.196000 0.467075
1.197000 0.472893
1.198000 0.478721
3.129000 0.484378
1.199000 0.484556
1.200000 0.490400
1.201000 0.496252
1.202000 0.502113
1.203000 0.507981
3.128000 0.511257
1.204000 0.513858
1.205000 0.519744
1.206000 0.525637
1.207000 0.531539
1.208000 0.537449
3.127000 0.538079
1.209000 0.543368
1.210000 0.549294
1.211000 0.555229
1.212000 0.561172
3.126000 0.564845
1.213000 0.567123
1.214000 0.573082
1.215000 0.579050
1.216000 0.585026
1.217000 0.591009
3.125000 0.591553
1.218000 0.597001
1.219000 0.603001
1.220000 0.609009
1.221000 0.615026
3.124000 0.618204
1.222000 0.621050
1.223000 0.627082
1.224000 0.633123
1.225000 0.639171
3.123000 0.644798
1.226000 0.645228
1.227000 0.651293
1.228000 0.657365
1.229000 0.663446
1.230000 0.669535
3.122000 0.671336
1.231000 0.675631
1.232000 0.681736
1.233000 0.687848
1.234000 0.693969
3.121000 0.697817
1.235000 0.700097
1.236000 0.706234
1.237000 0.712378
1.238000 0.718530
3.120000 0.724241
1.239000 0.724690
1.240000 0.730858
1.241000 0.737034
1.242000 0.743218
1.243000 0.749409
3.119000 0.750608
1.244000 0.755609
1.245000 0.761816
1.246000 0.768031
1.247000 0.774254
3.118000 0.776919
1.248000 0.780484
1.249000 0.786723
1.250000 0.792969
1.251000 0.799223
3.117000 0.803173
1.252000 0.805484
1.253000 0.811754
1.254000 0.818031
1.255000 0.824315
3.116000 0.829371
1.256000 0.830608
1.257000 0.836908
1.258000 0.843216
1.259000 0.849531
3.115000 0.855512
1.260000 0.855854
1.261000 0.862185
1.262000 0.868523
1.263000 0.874869
1.264000 0.881223
3.114000 0.881597
1.265000 0.887584
1.266000 0.893952
1.267000 0.900329
1.268000 0.906712
3.113000 0.907626
1.269000 0.913104
1.270000 0.919503
1.271000 0.925909
1.272000 0.932323
3.112000 0.933598
1.273000 0.938744
1.274000 0.945173
1.275000 0.951609
1.276000 0.958053
3.111000 0.959515
1.277000 0.964504
1.278000 0.970962
1.279000 0.977428
1.280000 0.983901
3.110000 0.985375
1.281000 0.990382
1.282000 0.996870
1.283000 1.003366
1.284000 1.009868
3.109000 1.011179
1.285000 1.016378
1.286000 1.022896
1.287000 1.029420
1.288000 1.035952
3.108000 1.036927
1.289000 1.042492
1.290000 1.049038
1.291000 1.055592
1.292000 1.062153
3.107000 1.062619
1.293000 1.068721
1.294000 1.075297
1.295000 1.081879
3.106000 1.088255
1.296000 1.088469
1.297000 1.095066
1.298000 1.101670
1.299000 1.108282
3.105000 1.113835
1.300000 1.114900
1.301000 1.121526
1.302000 1.128158
1.303000 1.134798
3.104000 1.139359
1.304000 1.141445
1.305000 1.148099
1.306000 1.154760
1.307000 1.161428
3.103000 1.164828
1.308000 1.168103
1.309000 1.174785
1.310000 1.181474
1.311000 1.188170
3.102000 1.190241
1.312000 1.194873
1.313000 1.201583
1.314000 1.208300
1.315000 1.215024
3.101000 1.215598
1.316000 1.221754
1.317000 1.228492
1.318000 1.235237
3.100000 1.240900
1.319000 1.241988
1.320000 1.248746
1.321000 1.255511
1.322000 1.262283
3.099000 1.266146
1.323000 1.269062
1.324000 1.275848
1.325000 1.282640
1.326000 1.289439
3.098000 1.291337
1.327000 1.296245
1.328000 1.303058
1.329000 1.309878
3.097000 1.316472
1.330000 1.316704
1.331000 1.323537
1.332000 1.330376
1.333000 1.337223
3.096000 1.341552
1.334000 1.344076
1.335000 1.350935
1.336000 1.357801
1.337000 1.364674
3.095000 1.366577
1.338000 1.371554
1.339000 1.378440
1.340000 1.385333
3.094000 1.391547
1.341000 1.392232
1.342000 1.399138
1.343000 1.406050
1.344000 1.412969
3.093000 1.416461
1.345000 1.419894
1.346000 1.426826
1.347000 1.433765
1.348000 1.440710
3.092000 1.441320
1.349000 1.447661
1.350000 1.454619
1.351000 1.461583
3.091000 1.466124
1.352000 1.468554
1.353000 1.475531
1.354000 1.482514
1.355000 1.489504
3.090000 1.490873
1.356000 1.496500
1.357000 1.503502
1.358000 1.510511
3.089000 1.515568
1.359000 1.517526
1.360000 1.524548
1.361000 1.531576
1.362000 1.538610
3.088000 1.540207
1.363000 1.545650
1.364000 1.552696
1.365000 1.559749
3.087000 1.564791
1.366000 1.566808
1.367000 1.573873
1.368000 1.580944
1.369000 1.588022
3.086000 1.589321
1.370000 1.595105
1.371000 1.602195
1.372000 1.609291
3.085000 1.613796
1.373000 1.616393
1.374000 1.623501
1.375000 1.630615
1.376000 1.637735
3.084000 1.638216
1.377000 1.644862
1.378000 1.651994
1.379000 1.659132
3.083000 1.662581
1.380000 1.666277
1.381000 1.673427
1.382000 1.680583
3.082000 1.686892
1.383000 1.687745
1.384000 1.694914
1.385000 1.702088
1.386000 1.709268
3.081000 1.711149
1.387000 1.716454
1.388000 1.723645
1.389000 1.730843
3.080000 1.735351
1.390000 1.738047
1.391000 1.745256
1.392000 1.752471
3.079000 1.759499
1.393000 1.759692
1.394000 1.766919
1.395000 1.774151
1.396000 1.781390
3.078000 1.783592
1.397000 1.788634
1.398000 1.795883
1.399000 1.803139
3.077000 1.807631
1.400000 1.810400
1.401000 1.817667
1.402000 1.824939
3.076000 1.831616
1.403000 1.832217
1.404000 1.839501
1.405000 1.846791
1.406000 1.854086
3.075000 1.855546
1.407000 1.861386
1.408000 1.868692
1.409000 1.876004
3.074000 1.879423
1.410000 1.883321
1.411000 1.890644
1.412000 1.897972
3.073000 1.903245
1.413000 1.905306
1.414000 1.912645
1.415000 1.919990
3.072000 1.927014
1.416000 1.927340
1.417000 1.934696
1.418000 1.942057
1.419000 1.949423
3.071000 1.950728
1.420000 1.956795
1.421000 1.964172
1.422000 1.971555
3.070000 1.974389
1.423000 1.978942
1.424000 1.986336
1.425000 1.993734
3.069000 1.997996
1.426000 2.001138
1.427000 2.008547
1.428000 2.015961
3.068000 2.021549
1.429000 2.023380
1.430000 2.030805
1.431000 2.038235
3.067000 2.045048
1.432000 2.045670
1.433000 2.053110
1.434000 2.060556
1.435000 2.068006
3.066000 2.068494
1.436000 2.075462
1.437000 2.082922
1.438000 2.090388
3.065000 2.091886
1.439000 2.097859
1.440000 2.105335
1.441000 2.112816
3.064000 2.115224
1.442000 2.120302
1.443000 2.127793
1.444000 2.135289
3.063000 2.138509
1.445000 2.142790
1.446000 2.150296
1.447000 2.157807
3.062000 2.161740
1.448000 2.165323
1.449000 2.172843
1.450000 2.180369
3.061000 2.184918
1.451000 2.187899
1.452000 2.195434
1.453000 2.202975
3.060000 2.208043
1.454000 2.210520
1.455000 2.218069
1.456000 2.225624
3.059000 2.231114
1.457000 2.233183
1.458000 2.240747
1.459000 2.248316
3.058000 2.254133
1.460000 2.255889
1.461000 2.263468
1.462000 2.271051
3.057000 2.277098
1.463000 2.278638
1.464000 2.286230
1.465000 2.293827
3.056000 2.300010
1.466000 2.301429
1.467000 2.309035
1.468000 2.316645
3.055000 2.322868
1.469000 2.324260
1.470000 2.331880
1.471000 2.339504
3.054000 2.345674
1.472000 2.347133
1.473000 2.354767
1.474000 2.362404
3.053000 2.368427
1.475000 2.370046
1.476000 2.377693
1.477000 2.385344
3.052000 2.391127
1.478000 2.393000
1.479000 2.400660
1.480000 2.408324
3.051000 2.413774
1.481000 2.415992
1.482000 2.423665
1.483000 2.431343
3.050000 2.436369
1.484000 2.439024
1.485000 2.446710
1.486000 2.454400
3.049000 2.458910
1.487000 2.462095
1.488000 2.469793
1.489000 2.477496
3.048000 2.481399
1.490000 2.485203
1.491000 2.492914
1.492000 2.500630
3.047000 2.503836
1.493000 2.508349
1.494000 2.516073
1.495000 2.523800
3.046000 2.526219
1.496000 2.531532
1.497000 2.539268
1.498000 2.547008
3.045000 2.548551
1.499000 2.554752
1.500000 2.562500
1.501000 2.570252
3.044000 2.570830
1.502000 2.578008
1.503000 2.585768
3.043000 2.593056
1.504000 2.593532
1.505000 2.601300
1.506000 2.609071
3.042000 2.615230
1.507000 2.616847
1.508000 2.624626
1.509000 2.632410
3.041000 2.637352
1.510000 2.640197
1.511000 2.647988
1.512000 2.655783
3.040000 2.659421
1.513000 2.663581
1.514000 2.671384
1.515000 2.679190
3.039000 2.681439
1.516000 2.687000
1.517000 2.694813
1.518000 2.702630
3.038000 2.703404
1.519000 2.710451
1.520000 2.718276
3.037000 2.725317
1.521000 2.726104
1.522000 2.733936
1.523000 2.741771
3.036000 2.747178
1.524000 2.749610
1.525000 2.757453
1.526000 2.765299
3.035000 2.768988
1.527000 2.773148
1.528000 2.781002
1.529000 2.788858
3.034000 2.790745
1.530000 2.796718
1.531000 2.804582
1.532000 2.812449
3.033000 2.812450
1.533000 2.820319
1.534000 2.828193
3.032000 2.834104
1.535000 2.836070
1.536000 2.843950
1.537000 2.851834
3.031000 2.855706
1.538000 2.859721
1.539000 2.867612
1.540000 2.875505
3.030000 2.877256
1.541000 2.883402
1.542000 2.891303
3.029000 2.898755
1.543000 2.899206
1.544000 2.907113
1.545000 2.915023
3.028000 2.920202
1.546000 2.922936
1.547000 2.930852
1.548000 2.938771
3.027000 2.941597
1.549000 2.946693
1.550000 2.954619
1.551000 2.962547
3.026000 2.962941
1.552000 2.970479
1.553000 2.978413
3.025000 2.984234
1.554000 2.986351
1.555000 2.994292
1.556000 3.002235
3.024000 3.005475
1.557000 3.010182
1.558000 3.018131
1.559000 3.026084
3.023000 3.026665
1.560000 3.034039
1.561000 3.041997
3.022000 3.047804
1.562000 3.049958
1.563000 3.057922
1.564000 3.065889
3.021000 3.068891
1.565000 3.073858
1.566000 3.081831
1.567000 3.089806
3.020000 3.089928
1.568000 3.097783
1.569000 3.105764
3.019000 3.110913
1.570000 3.113747
1.571000 3.121733
1.572000 3.129721
3.018000 3.131847
1.573000 3.137713
1.574000 3.145706
3.017000 3.152731
1.575000 3.153703
1.576000 3.161702
1.577000 3.169703
3.016000 3.173563
1.578000 3.177707
1.579000 3.185714
1.580000 3.193723
3.015000 3.194345
1.581000 3.201735
1.582000 3.209749
3.014000 3.215075
1.583000 3.217765
1.584000 3.225784
1.585000 3.233805
3.013000 3.235755
1.586000 3.241829
1.587000 3.249855
3.012000 3.256384
1.588000 3.257884
1.589000 3.265914
1.590000 3.273947
3.011000 3.276963
1.591000 3.281983
1.592000 3.290020
3.010000 3.297491
1.593000 3.298060
1.594000 3.306102
1.595000 3.314146
3.009000 3.317968
1.596000 3.322193
1.597000 3.330241
1.598000 3.338292
3.008000 3.338395
1.599000 3.346345
1.600000 3.354400
3.007000 3.358772
1.601000 3.362457
1.602000 3.370516
1.603000 3.378577
3.006000 3.379098
1.604000 3.386640
1.605000 3.394706
3.005000 3.399374
1.606000 3.402773
1.607000 3.410842
1.608000 3.418913
3.004000 3.419599
1.609000 3.426986
1.610000 3.435061
3.003000 3.439775
1.611000 3.443137
1.612000 3.451216
1.613000 3.459296
3.002000 3.459900
1.614000 3.467378
1.615000 3.475462
3.001000 3.479975
1.616000 3.483548
1.617000 3.491636
1.618000 3.499725
3.000000 3.500000
1.619000 3.507816
1.620000 3.515909
2.999000 3.519975
1.621000 3.524003
1.622000 3.532099
2.998000 3.539900
1.623000 3.540197
1.624000 3.548296
1.625000 3.556396
2.997000 3.559775
1.626000 3.564499
1.627000 3.572603
2.996000 3.579601
1.628000 3.580708
1.629000 3.588815
1.630000 3.596923
2.995000 3.599376
1.631000 3.605033
1.632000 3.613145
2.994000 3.619102
1.633000 3.621257
1.634000 3.629371
1.635000 3.637487
2.993000 3.638778
1.636000 3.645604
1.637000 3.653722
2.992000 3.658405
1.638000 3.661841
1.639000 3.669962
2.991000 3.677982
1.640000 3.678084
1.641000 3.686207
1.642000 3.694332
2.990000 3.697509
1.643000 3.702457
1.644000 3.710584
2.989000 3.716987
1.645000 3.718712
1.646000 3.726841
1.647000 3.734971
2.988000 3.736416
1.648000 3.743103
1.649000 3.751235
2.987000 3.755795
1.650000 3.759369
1.651000 3.767503
2.986000 3.775125
1.652000 3.775639
1.653000 3.783775
1.654000 3.791913
2.985000 3.794405
1.655000 3.800051
1.656000 3.808191
2.984000 3.813637
1.657000 3.816331
1.658000 3.824472
1.659000 3.832614
2.983000 3.832819
1.660000 3.840757
1.661000 3.848900
2.982000 3.851952
1.662000 3.857045
1.663000 3.865190
2.981000 3.871037
1.664000 3.873336
1.665000 3.881482
1.666000 3.889630
2.980000 3.890072
1.667000 3.897778
1.668000 3.905927
2.979000 3.909058
1.669000 3.914076
1.670000 3.922226
2.978000 3.927996
1.671000 3.930376
1.672000 3.938527
1.673000 3.946679
2.977000 3.946884
1.674000 3.954831
1.675000 3.962984
2.976000 3.965724
1.676000 3.971137
1.677000 3.979291
2.975000 3.984515
1.678000 3.987445
1.679000 3.995599
2.974000 4.003258
1.680000 4.003754
1.681000 4.011909
1.682000 4.020065
2.973000 4.021952
1.683000 4.028221
1.684000 4.036377
2.972000 4.040597
1.685000 4.044534
1.686000 4.052691
2.971000 4.059194
1.687000 4.060848
1.688000 4.069005
1.689000 4.077162
2.970000 4.077742
1.690000 4.085320
1.691000 4.093478
2.969000 4.096242
1.692000 4.101635
1.693000 4.109793
2.968000 4.114694
1.694000 4.117951
1.695000 4.126109
2.967000 4.133097
1.696000 4.134268
1.697000 4.142426
1.698000 4.150584
2.966000 4.151452
1.699000 4.158742
1.700000 4.166900
2.965000 4.169759
1.701000 4.175058
1.702000 4.183216
2.964000 4.188018
1.703000 4.191374
1.704000 4.199531
2.963000 4.206229
1.705000 4.207689
1.706000 4.215846
1.707000 4.224003
2.962000 4.224392
1.708000 4.232159
1.709000 4.240316
2.961000 4.242507
1.710000 4.248472
1.711000 4.256628
2.960000 4.260573
1.712000 4.264784
1.713000 4.272939
2.959000 4.278592
1.714000 4.281094
1.715000 4.289248
2.958000 4.296564
1.716000 4.297402
1.717000 4.305556
1.718000 4.313709
2.957000 4.314487
1.719000 4.321861
1.720000 4.330013
2.956000 4.332363
1.721000 4.338165
1.722000 4.346316
2.955000 4.350191
1.723000 4.354466
1.724000 4.362616
2.954000 4.367972
1.725000 4.370765
1.726000 4.378914
2.953000 4.385705
1.727000 4.387062
1.728000 4.395209
1.729000 4.403355
2.952000 4.403390
1.730000 4.411501
1.731000 4.419645
2.951000 4.421028
1.732000 4.427789
1.733000 4.435933
2.950000 4.438619
1.734000 4.444075
1.735000 4.452217
2.949000 4.456162
1.736000 4.460357
1.737000 4.468497
2.948000 4.473658
1.738000 4.476636
1.739000 4.484773
2.947000 4.491107
1.740000 4.492910
1.741000 4.501046
2.946000 4.508509
1.742000 4.509181
1.743000 4.517314
1.744000 4.525447
2.945000 4.525863
1.745000 4.533579
1.746000 4.541709
2.944000 4.543171
1.747000 4.549838
1.748000 4.557966
2.943000 4.560431
1.749000 4.566093
1.750000 4.574219
2.942000 4.577645
1.751000 4.582343
1.752000 4.590466
2.941000 4.594811
1.753000 4.598588
1.754000 4.606708
2.940000 4.611931
1.755000 4.614828
1.756000 4.622945
2.939000 4.629004
1.757000 4.631062
1.758000 4.639177
2.938000 4.646030
1.759000 4.647290
1.760000 4.655402
2.937000 4.663010
1.761000 4.663513
1.762000 4.671622
1.763000 4.679729
2.936000 4.679943
1.764000 4.687835
1.765000 4.695940
2.935000 4.696829
1.766000 4.704042
1.767000 4.712143
2.934000 4.713668
1.768000 4.720243
1.769000 4.728341
2.933000 4.730462
1.770000 4.736437
1.771000 4.744531
2.932000 4.747209
1.772000 4.752623
1.773000 4.760714
2.931000 4.763909
1.774000 4.768803
1.775000 4.776890
2.930000 4.780563
1.776000 4.784975
1.777000 4.793059
2.929000 4.797171
1.778000 4.801140
1.779000 4.809220
2.928000 4.813732
1.780000 4.817297
1.781000 4.825373
2.927000 4.830248
1.782000 4.833447
1.783000 4.841518
2.926000 4.846717
1.784000 4.849588
1.785000 4.857655
2.925000 4.863140
1.786000 4.865720
1.787000 4.873784
2.924000 4.879517
1.788000 4.881845
1.789000 4.889904
2.923000 4.895849
1.790000 4.897960
1.791000 4.906015
2.922000 4.912134
1.792000 4.914067
1.793000 4.922117
2.921000 4.928373
1.794000 4.930164
1.795000 4.938210
2.920000 4.944567
1.796000 4.946252
1.797000 4.954293
2.919000 4.960715
1.798000 4.962331
1.799000 4.970367
2.918000 4.976817
1.800000 4.978400
1.801000 4.986431
2.917000 4.992874
1.802000 4.994459
1.803000 5.002485
2.916000 5.008885
1.804000 5.010508
1.805000 5.018528
2.915000 5.024850
1.806000 5.026546
1.807000 5.034562
2.914000 5.040770
1.808000 5.042574
1.809000 5.050584
2.913000 5.056644
1.810000 5.058592
1.811000 5.066596
2.912000 5.072473
1.812000 5.074598
1.813000 5.082597
2.911000 5.088257
1.814000 5.090593
1.815000 5.098587
2.910000 5.103995
1.816000 5.106577
1.817000 5.114565
2.909000 5.119689
1.818000 5.122550
1.819000 5.130531
2.908000 5.135337
1.820000 5.138510
1.821000 5.146486
2.907000 5.150939
1.822000 5.154459
1.823000 5.162429
2.906000 5.166497
1.824000 5.170395
1.825000 5.178359
2.905000 5.182010
1.826000 5.186319
1.827000 5.194277
2.904000 5.197478
1.828000 5.202231
1.829000 5.210182
2.903000 5.212901
1.830000 5.218130
1.831000 5.226074
2.902000 5.228278
1.832000 5.234016
1.833000 5.241954
2.901000 5.243612
1.834000 5.249888
1.835000 5.257819
2.900000 5.258900
1.836000 5.265747
1.837000 5.273672
2.899000 5.274144
1.838000 5.281593
2.898000 5.289343
1.839000 5.289511
1.840000 5.297425
2.897000 5.304497
1.841000 5.305335
1.842000 5.313242
2.896000 5.319607
1.843000 5.321146
1.844000 5.329046
2.895000 5.334672
1.845000 5.336942
1.846000 5.344835
2.894000 5.349693
1.847000 5.352724
1.848000 5.360609
2.893000 5.364669
1.849000 5.368491
1.850000 5.376369
2.892000 5.379601
1.851000 5.384243
1.852000 5.392113
2.891000 5.394489
1.853000 5.399980
1.854000 5.407842
2.890000 5.409333
1.855000 5.415701
1.856000 5.423556
2.889000 5.424132
1.857000 5.431407
2.888000 5.438887
1.858000 5.439254
1.859000 5.447097
2.887000 5.453598
1.860000 5.454936
1.861000 5.462771
2.886000 5.468265
1.862000 5.470602
1.863000 5.478428
2.885000 5.482888
1.864000 5.486251
1.865000 5.494070
2.884000 5.497467
1.866000 5.501884
1.867000 5.509694
2.883000 5.512002
1.868000 5.517500
1.869000 5.525302
2.882000 5.526493
1.870000 5.533099
1.871000 5.540893
2.881000 5.540941
1.872000 5.548681
2.880000 5.555345
1.873000 5.556466
1.874000 5.564246
2.879000 5.569705
1.875000 5.572021
1.876000 5.579793
2.878000 5.584021
1.877000 5.587559
1.878000 5.595322
2.877000 5.598294
1.879000 5.603079
1.880000 5.610833
2.876000 5.612523
1.881000 5.618581
1.882000 5.626325
2.875000 5.626709
1.883000 5.634065
2.874000 5.640851
1.884000 5.641799
1.885000 5.649529
2.873000 5.654950
1.886000 5.657255
1.887000 5.664975
2.872000 5.669006
1.888000 5.672691
1.889000 5.680402
2.871000 5.683018
1.890000 5.688109
1.891000 5.695810
2.870000 5.696987
1.892000 5.703507
2.869000 5.710913
1.893000 5.711198
1.894000 5.718885
2.868000 5.724796
1.895000 5.726567
1.896000 5.734243
2.867000 5.738636
1.897000 5.741915
1.898000 5.749582
2.866000 5.752433
1.899000 5.757243
1.900000 5.764900
2.865000 5.766186
1.901000 5.772551
2.864000 5.779897
1.902000 5.780198
1.903000 5.787839
2.863000 5.793565
1.904000 5.795475
1.905000 5.803105
2.862000 5.807190
1.906000 5.810731
1.907000 5.818351
2.861000 5.820772
1.908000 5.825966
1.909000 5.833575
2.860000 5.834312
1.910000 5.841179
2.859000 5.847809
1.911000 5.848778
1.912000 5.856371
2.858000 5.861263
1.913000 5.863959
1.914000 5.871542
2.857000 5.874675
1.915000 5.879118
1.916000 5.886690
2.856000 5.888044
1.917000 5.894255
2.855000 5.901371
1.918000 5.901816
1.919000 5.909370
2.854000 5.914655
1.920000 5.916919
1.921000 5.924462
2.853000 5.927897
1.922000 5.932000
1.923000 5.939532
2.852000 5.941096
1.924000 5.947058
2.851000 5.954254
1.925000 5.954578
1.926000 5.962092
2.850000 5.967369
1.927000 5.969601
1.928000 5.977103
2.849000 5.980442
1.929000 5.984600
1.930000 5.992091
2.848000 5.993472
1.931000 5.999576
2.847000 6.006461
1.932000 6.007055
1.933000 6.014528
2.846000 6.019408
1.934000 6.021995
1.935000 6.029455
2.845000 6.032313
1.936000 6.036910
1.937000 6.044358
2.844000 6.045176
1.938000 6.051801
2.843000 6.057996
1.939000 6.059237
1.940000 6.066667
2.842000 6.070776
1.941000 6.074091
1.942000 6.081508
2.841000 6.083513
1.943000 6.088919
2.840000 6.096209
1.944000 6.096324
1.945000 6.103723
2.839000 6.108863
1.946000 6.111115
1.947000 6.118500
2.838000 6.121475
1.948000 6.125880
1.949000 6.133252
2.837000 6.134046
1.950000 6.140619
2.836000 6.146575
1.951000 6.147978
1.952000 6.155332
2.835000 6.159063
1.953000 6.162678
1.954000 6.170018
2.834000 6.171509
1.955000 6.177352
2.833000 6.183914
1.956000 6.184678
1.957000 6.191998
2.832000 6.196278
1.958000 6.199311
1.959000 6.206618
2.831000 6.208601
1.960000 6.213917
2.830000 6.220882
1.961000 6.221210
1.962000 6.228496
2.829000 6.233122
1.963000 6.235775
1.964000 6.243048
2.828000 6.245321
1.965000 6.250313
2.827000 6.257479
1.966000 6.257571
1.967000 6.264822
2.826000 6.269596
1.968000 6.272067
1.969000 6.279304
2.825000 6.281671
1.970000 6.286534
2.824000 6.293706
1.971000 6.293757
1.972000 6.300973
2.823000 6.305701
1.973000 6.308182
1.974000 6.315383
2.822000 6.317654
1.975000 6.322578
2.821000 6.329566
1.976000 6.329765
1.977000 6.336945
2.820000 6.341438
1.978000 6.344117
1.979000 6.351282
2.819000 6.353269
1.980000 6.358440
2.818000 6.365060
1.981000 6.365590
1.982000 6.372733
2.817000 6.376810
1.983000 6.379868
1.984000 6.386996
2.816000 6.388519
1.985000 6.394117
2.815000 6.400188
1.986000 6.401230
1.987000 6.408335
2.814000 6.411817
1.988000 6.415433
1.989000 6.422523
2.813000 6.423405
1.990000 6.429605
2.812000 6.434953
1.991000 6.436680
1.992000 6.443747
2.811000 6.446460
1.993000 6.450806
1.994000 6.457857
2.810000 6.457928
1.995000 6.464901
2.809000 6.469355
1.996000 6.471936
1.997000 6.478964
2.808000 6.480742
1.998000 6.485984
2.807000 6.492089
1.999000 6.492996
2.000000 6.500000
2.806000 6.503396
2.001000 6.506996
2.002000 6.513984
2.805000 6.514663
2.003000 6.520964
2.804000 6.525890
2.004000 6.527936
2.005000 6.534899
2.803000 6.537077
2.006000 6.541855
2.802000 6.548225
2.007000 6.548802
2.008000 6.555741
2.801000 6.559332
2.009000 6.562672
2.010000 6.569595
2.800000 6.570400
2.011000 6.576509
2.799000 6.581428
2.012000 6.583415
2.013000 6.590313
2.798000 6.592417
2.014000 6.597202
2.797000 6.603366
2.015000 6.604083
2.016000 6.610955
2.796000 6.614275
2.017000 6.617819
2.018000 6.624675
2.795000 6.625145
2.019000 6.631522
2.794000 6.635976
2.020000 6.638360
2.021000 6.645190
2.793000 6.646767
2.022000 6.652011
2.792000 6.657518
2.023000 6.658823
2.024000 6.665627
2.791000 6.668231
2.025000 6.672421
2.790000 6.678904
2.026000 6.679208
2.027000 6.685985
2.789000 6.689538
2.028000 6.692754
2.029000 6.699513
2.788000 6.700133
2.030000 6.706264
2.787000 6.710689
2.031000 6.713006
2.032000 6.719739
2.786000 6.721206
2.033000 6.726463
2.785000 6.731684
2.034000 6.733178
2.035000 6.739884
2.784000 6.742122
2.036000 6.746581
2.783000 6.752522
2.037000 6.753269
2.038000 6.759948
2.782000 6.762884
2.039000 6.766617
2.781000 6.773206
2.040000 6.773277
2.041000 6.779929
2.780000 6.783489
2.042000 6.786570
2.043000 6.793203
2.779000 6.793734
2.044000 6.799826
2.778000 6.803941
2.045000 6.806440
2.046000 6.813045
2.777000 6.814108
2.047000 6.819640
2.776000 6.824237
2.048000 6.826226
2.049000 6.832802
2.775000 6.834328
2.050000 6.839369
2.774000 6.844380
2.051000 6.845926
2.052000 6.852474
2.773000 6.854394
2.053000 6.859012
2.772000 6.864369
2.054000 6.865540
2.055000 6.872059
2.771000 6.874306
2.056000 6.878568
2.770000 6.884205
2.057000 6.885067
2.058000 6.891557
2.769000 6.894065
2.059000 6.898037
2.768000 6.903887
2.060000 6.904507
2.061000 6.910967
2.767000 6.913672
2.062000 6.917418
2.766000 6.923418
2.063000 6.923858
2.064000 6.930289
2.765000 6.933126
2.065000 6.936709
2.764000 6.942796
2.066000 6.943120
2.067000 6.949520
2.763000 6.952429
2.068000 6.955910
2.762000 6.962023
2.069000 6.962291
2.070000 6.968661
2.761000 6.971579
2.071000 6.975021
2.760000 6.981098
2.072000 6.981371
2.073000 6.987711
2.759000 6.990579
2.074000 6.994040
2.758000 7.000023
2.075000 7.000359
2.076000 7.006668
2.757000 7.009428
2.077000 7.012966
2.756000 7.018797
2.078000 7.019254
2.079000 7.025532
2.755000 7.028127
2.080000 7.031799
2.754000 7.037420
2.081000 7.038056
2.082000 7.044302
2.753000 7.046676
2.083000 7.050538
2.752000 7.055894
2.084000 7.056763
2.085000 7.062977
2.751000 7.065075
2.086000 7.069181
2.750000 7.074219
2.087000 7.075374
2.088000 7.081557
2.749000 7.083325
2.089000 7.087728
2.748000 7.092394
2.090000 7.093889
2.091000 7.100040
2.747000 7.101426
2.092000 7.106179
2.746000 7.110421
2.093000 7.112307
2.094000 7.118425
2.745000 7.119379
2.095000 7.124532
2.744000 7.128300
2.096000 7.130627
2.097000 7.136712
2.743000 7.137184
2.098000 7.142786
2.742000 7.146031
2.099000 7.148848
2.741000 7.154841
2.100000 7.154900
2.101000 7.160940
2.740000 7.163614
2.102000 7.166970
2.739000 7.172351
2.103000 7.172988
2.104000 7.178995
2.738000 7.181051
2.105000 7.184990
2.737000 7.189714
2.106000 7.190975
2.107000 7.196948
2.736000 7.198340
2.108000 7.202909
2.735000 7.206930
2.109000 7.208860
2.110000 7.214799
2.734000 7.215483
2.111000 7.220726
2.733000 7.224000
2.112000 7.226642
2.732000 7.232481
2.113000 7.232546
2.114000 7.238439
2.731000 7.240925
2.115000 7.244321
2.730000 7.249333
2.116000 7.250190
2.117000 7.256049
2.729000 7.257704
2.118000 7.261895
2.728000 7.266039
2.119000 7.267730
2.120000 7.273553
2.727000 7.274338
2.121000 7.279364
2.726000 7.282601
2.122000 7.285163
2.725000 7.290828
2.123000 7.290951
2.124000 7.296726
2.724000 7.299018
2.125000 7.302490
2.723000 7.307173
2.126000 7.308242
2.127000 7.313982
2.722000 7.315292
2.128000 7.319710
2.721000 7.323375
2.129000 7.325426
2.130000 7.331129
2.720000 7.331421
2.131000 7.336821
2.719000 7.339433
2.132000 7.342501
2.718000 7.347408
2.133000 7.348168
2.134000 7.353823
2.717000 7.355347
2.135000 7.359466
2.716000 7.363251
2.136000 7.365097
2.137000 7.370715
2.715000 7.371120
2.138000 7.376321
2.714000 7.378952
2.139000 7.381915
2.713000 7.386749
2.140000 7.387496
2.141000 7.393065
2.712000 7.394511
2.142000 7.398621
2.711000 7.402237
2.143000 7.404165
2.144000 7.409696
2.710000 7.409928
2.145000 7.415215
2.709000 7.417584
2.146000 7.420721
2.708000 7.425204
2.147000 7.426214
2.148000 7.431695
2.707000 7.432789
2.149000 7.437163
2.706000 7.440338
2.150000 7.442619
2.705000 7.447853
2.151000 7.448061
2.152000 7.453491
2.704000 7.455332
2.153000 7.458908
2.703000 7.462777
2.154000 7.464312
2.155000 7.469703
2.702000 7.470186
2.156000 7.475082
2.701000 7.477561
2.157000 7.480447
2.700000 7.484900
2.158000 7.485799
2.159000 7.491138
2.699000 7.492205
2.160000 7.496465
2.698000 7.499474
2.161000 7.501778
2.697000 7.506709
2.162000 7.507078
2.163000 7.512364
2.696000 7.513909
2.164000 7.517638
2.695000 7.521075
2.165000 7.522898
2.166000 7.528145
2.694000 7.528206
2.167000 7.533379
2.693000 7.535302
2.168000 7.538599
2.692000 7.542364
2.169000 7.543806
2.170000 7.549000
2.691000 7.549391
2.171000 7.554180
2.690000 7.556384
2.172000 7.559347
2.689000 7.563342
2.173000 7.564500
2.174000 7.569639
2.688000 7.570266
2.175000 7.574765
2.687000 7.577156
2.176000 7.579878
2.686000 7.584011
2.177000 7.584976
2.178000 7.590061
2.685000 7.590832
2.179000 7.595133
2.684000 7.597619
2.180000 7.600190
2.683000 7.604372
2.181000 7.605234
2.182000 7.610264
2.682000 7.611091
2.183000 7.615280
2.681000 7.617776
2.184000 7.620282
2.680000 7.624426
2.185000 7.625271
2.186000 7.630245
2.679000 7.631043
2.187000 7.635205
2.678000 7.637626
2.188000 7.640151
2.677000 7.644175
2.189000 7.645084
2.190000 7.650002
2.676000 7.650690
2.191000 7.654906
2.675000 7.657171
2.192000 7.659796
2.674000 7.663619
2.193000 7.664671
2.194000 7.669533
2.673000 7.670033
2.195000 7.674380
2.672000 7.676414
2.196000 7.679213
2.671000 7.682760
2.197000 7.684031
2.198000 7.688835
2.670000 7.689074
2.199000 7.693625
2.669000 7.695354
2.200000 7.698400
2.668000 7.701600
2.201000 7.703161
2.667000 7.707813
2.202000 7.707907
2.203000 7.712639
2.666000 7.713993
2.204000 7.717356
2.665000 7.720139
2.205000 7.722058
2.664000 7.726252
2.206000 7.726746
2.207000 7.731419
2.663000 7.732332
2.208000 7.736078
2.662000 7.738379
2.209000 7.740721
2.661000 7.744392
2.210000 7.745350
2.211000 7.749964
2.660000 7.750373
2.212000 7.754563
2.659000 7.756320
2.213000 7.759148
2.658000 7.762235
2.214000 7.763717
2.657000 7.768116
2.215000 7.768271
2.216000 7.772811
2.656000 7.773965
2.217000 7.777335
2.655000 7.779781
2.218000 7.781844
2.654000 7.785564
2.219000 7.786338
2.220000 7.790817
2.653000 7.791314
2.221000 7.795281
2.652000 7.797032
2.222000 7.799730
2.651000 7.802716
2.223000 7.804163
2.650000 7.808369
2.224000 7.808581
2.225000 7.812984
2.649000 7.813988
2.226000 7.817371
2.648000 7.819576
2.227000 7.821743
2.647000 7.825130
2.228000 7.826100
2.229000 7.830441
2.646000 7.830653
2.230000 7.834767
2.645000 7.836143
2.231000 7.839077
2.644000 7.841600
2.232000 7.843371
2.643000 7.847025
2.233000 7.847650
2.234000 7.851913
2.642000 7.852418
2.235000 7.856161
2.641000 7.857779
2.236000 7.860393
2.640000 7.863108
2.237000 7.864609
2.639000 7.868404
2.238000 7.868809
2.239000 7.872994
2.638000 7.873669
2.240000 7.877162
2.637000 7.878901
2.241000 7.881315
2.636000 7.884102
2.242000 7.885452
2.635000 7.889270
2.243000 7.889573
2.244000 7.893678
2.634000 7.894407
2.245000 7.897766
2.633000 7.899512
2.246000 7.901839
2.632000 7.904585
2.247000 7.905896
2.631000 7.909626
2.248000 7.909936
2.249000 7.913961
2.630000 7.914635
2.250000 7.917969
2.629000 7.919613
2.251000 7.921961
2.628000 7.924560
2.252000 7.925936
2.627000 7.929474
2.253000 7.929895
2.254000 7.933838
2.626000 7.934357
2.255000 7.937765
2.625000 7.939209
2.256000 7.941675
2.624000 7.944029
2.257000 7.945569
2.623000 7.948818
2.258000 7.949446
2.259000 7.953306
2.622000 7.953576
2.260000 7.957150
2.621000 7.958302
2.261000 7.960978
2.620000 7.962997
2.262000 7.964788
2.619000 7.967660
2.263000 7.968582
2.618000 7.972293
2.264000 7.972360
2.265000 7.976120
2.617000 7.976894
2.266000 7.979864
2.616000 7.981465
2.267000 7.983591
2.615000 7.986004
2.268000 7.987301
2.614000 7.990512
2.269000 7.990994
2.270000 7.994671
2.613000 7.994990
2.271000 7.998330
2.612000 7.999436
2.272000 8.001972
2.611000 8.003852
2.273000 8.005597
2.610000 8.008237
2.274000 8.009205
2.609000 8.012591
2.275000 8.012796
2.276000 8.016370
2.608000 8.016914
2.277000 8.019927
2.607000 8.021207
2.278000 8.023466
2.606000 8.025469
2.279000 8.026989
2.605000 8.029700
2.280000 8.030493
2.604000 8.033901
2.281000 8.033981
2.282000 8.037451
2.603000 8.038071
2.283000 8.040904
2.602000 8.042211
2.284000 8.044339
2.601000 8.046321
2.285000 8.047757
2.600000 8.050400
2.286000 8.051157
2.599000 8.054449
2.287000 8.054540
2.288000 8.057905
2.598000 8.058467
2.289000 8.061252
2.597000 8.062456
2.290000 8.064582
2.596000 8.066414
2.291000 8.067894
2.595000 8.070342
2.292000 8.071189
2.594000 8.074240
2.293000 8.074465
2.294000 8.077724
2.593000 8.078108
2.295000 8.080965
2.592000 8.081946
2.296000 8.084188
2.591000 8.085753
2.297000 8.087393
2.590000 8.089531
2.298000 8.090580
2.589000 8.093279
2.299000 8.093749
2.300000 8.096900
2.588000 8.096998
2.301000 8.100033
2.587000 8.100686
2.302000 8.103148
2.586000 8.104345
2.303000 8.106244
2.585000 8.107974
2.304000 8.109323
2.584000 8.111573
2.305000 8.112383
2.583000 8.115143
2.306000 8.115425
2.307000 8.118449
2.582000 8.118683
2.308000 8.121454
2.581000 8.122194
2.309000 8.124441
2.580000 8.125675
2.310000 8.127410
2.579000 8.129127
2.311000 8.130360
2.578000 8.132549
2.312000 8.133292
2.577000 8.135942
2.313000 8.136205
2.314000 8.139099
2.576000 8.139306
2.315000 8.141975
2.575000 8.142640
2.316000 8.144832
2.574000 8.145945
2.317000 8.147671
2.573000 8.149221
2.318000 8.150491
2.572000 8.152468
2.319000 8.153292
2.571000 8.155686
2.320000 8.156074
2.321000 8.158838
2.570000 8.158875
2.322000 8.161582
2.569000 8.162035
2.323000 8.164308
2.568000 8.165166
2.324000 8.167015
2.567000 8.168268
2.325000 8.169703
2.566000 8.171341
2.326000 8.172372
2.565000 8.174385
2.327000 8.175021
2.564000 8.177400
2.328000 8.177652
2.329000 8.180263
2.563000 8.180387
2.330000 8.182856
2.562000 8.183345
2.331000 8.185429
2.561000 8.186274
2.332000 8.187983
2.560000 8.189175
2.333000 8.190517
2.559000 8.192047
2.334000 8.193033
2.558000 8.194891
2.335000 8.195529
2.557000 8.197706
2.336000 8.198005
2.337000 8.200462
2.556000 8.200493
2.338000 8.202900
2.555000 8.203251
2.339000 8.205318
2.554000 8.205981
2.340000 8.207717
2.553000 8.208683
2.341000 8.210096
2.552000 8.211356
2.342000 8.212455
2.551000 8.214002
2.343000 8.214795
2.550000 8.216619
2.344000 8.217115
2.549000 8.219208
2.345000 8.219415
2.346000 8.221695
2.548000 8.221769
2.347000 8.223956
2.547000 8.224301
2.348000 8.226197
2.546000 8.226806
2.349000 8.228418
2.545000 8.229283
2.350000 8.230619
2.544000 8.231732
2.351000 8.232800
2.543000 8.234153
2.352000 8.234961
2.542000 8.236546
2.353000 8.237102
2.541000 8.238912
2.354000 8.239223
2.540000 8.241249
2.355000 8.241323
2.356000 8.243404
2.539000 8.243559
2.357000 8.245464
2.538000 8.245842
2.358000 8.247504
2.537000 8.248097
2.359000 8.249524
2.536000 8.250324
2.360000 8.251524
2.535000 8.252523
2.361000 8.253503
2.534000 8.254696
2.362000 8.255462
2.533000 8.256840
2.363000 8.257400
2.532000 8.258958
2.364000 8.259318
2.531000 8.261048
2.365000 8.261215
2.366000 8.263092
2.530000 8.263110
2.367000 8.264949
2.529000 8.265146
2.368000 8.266784
2.528000 8.267154
2.369000 8.268599
2.527000 8.269135
2.370000 8.270393
2.526000 8.271089
2.371000 8.272167
2.525000 8.273015
2.372000 8.273920
2.524000 8.274915
2.373000 8.275652
2.523000 8.276788
2.374000 8.277363
2.522000 8.278633
2.375000 8.279053
2.521000 8.280452
2.376000 8.280722
2.520000 8.282244
2.377000 8.282370
2.378000 8.283997
2.519000 8.284009
2.379000 8.285604
2.518000 8.285747
2.380000 8.287189
2.517000 8.287459
2.381000 8.288753
2.516000 8.289143
2.382000 8.290295
2.515000 8.290801
2.383000 8.291817
2.514000 8.292433
2.384000 8.293317
2.513000 8.294038
2.385000 8.294796
2.512000 8.295616
2.386000 8.296254
2.511000 8.297168
2.387000 8.297690
2.510000 8.298693
2.388000 8.299105
2.509000 8.300192
2.389000 8.300499
2.508000 8.301664
2.390000 8.301871
2.507000 8.303111
2.391000 8.303221
2.506000 8.304530
2.392000 8.304550
2.393000 8.305857
2.505000 8.305924
2.394000 8.307143
2.504000 8.307292
2.395000 8.308407
2.503000 8.308633
2.396000 8.309649
2.502000 8.309948
2.397000 8.310870
2.501000 8.311237
2.398000 8.312068
2.500000 8.312500
2.399000 8.313245
2.499000 8.313737
2.400000 8.314400
2.498000 8.314948
2.401000 8.315533
2.497000 8.316133
2.402000 8.316644
2.496000 8.317292
2.403000 8.317733
2.495000 8.318426
2.404000 8.318800
2.494000 8.319534
2.405000 8.319845
2.493000 8.320615
2.406000 8.320868
2.492000 8.321672
2.407000 8.321869
2.491000 8.322702
2.408000 8.322847
2.490000 8.323707
2.409000 8.323803
2.489000 8.324686
2.410000 8.324737
2.488000 8.325640
2.411000 8.325649
2.412000 8.326538
2.487000 8.326568
2.413000 8.327405
2.486000 8.327471
2.414000 8.328250
2.485000 8.328349
2.415000 8.329072
2.484000 8.329201
2.416000 8.329871
2.483000 8.330027
2.417000 8.330648
2.482000 8.330829
2.418000 8.331402
2.481000 8.331605
2.419000 8.332134
2.480000 8.332356
2.420000 8.332843
2.479000 8.333082
2.421000 8.333529
2.478000 8.333782
2.422000 8.334193
2.477000 8.334458
2.423000 8.334834
2.476000 8.335108
2.424000 8.335451
2.475000 8.335734
2.425000 8.336046
2.474000 8.336335
2.426000 8.336619
2.473000 8.336910
2.427000 8.337168
2.472000 8.337461
2.428000 8.337694
2.471000 8.337987
2.429000 8.338197
2.470000 8.338488
2.430000 8.338677
2.469000 8.338965
2.431000 8.339134
2.468000 8.339416
2.432000 8.339568
2.467000 8.339843
2.433000 8.339978
2.466000 8.340246
2.434000 8.340365
2.465000 8.340624
2.435000 8.340730
2.464000 8.340977
2.436000 8.341070
2.463000 8.341306
2.437000 8.341388
2.462000 8.341610
2.438000 8.341682
2.461000 8.341890
2.439000 8.341952
2.460000 8.342145
2.440000 8.342199
2.459000 8.342377
2.441000 8.342423
2.458000 8.342584
2.442000 8.342622
2.457000 8.342766
2.443000 8.342799
2.456000 8.342925
2.444000 8.342951
2.455000 8.343059
2.445000 8.343080
2.454000 8.343169
2.446000 8.343186
2.453000 8.343255
2.447000 8.343267
2.452000 8.343317
2.448000 8.343325
2.451000 8.343355
2.449000 8.343359
2.450000 8.343369
